image_width: 1280
image_height: 720
camera_name: usb_cam
camera_matrix:
  rows: 3
  cols: 3
  data: [
    912.339721679688, 0.0,                 655.437561035156,
    0.0,               911.811584472656,   370.901947021484,
    0.0,       0.0,       1.0
  ]
distortion_model: plumb_bob
distortion_coefficients:
  rows: 1
  cols: 5
  data: [.00,   0.0,  0.0, 0.0, -0.0]
rectification_matrix:
  rows: 3
  cols: 3
  data: [1., 0., 0.,
         0., 1., 0.,
         0., 0., 1.]
projection_matrix:
  rows: 3
  cols: 4
  data: [
    912.339721679688, 0.0,                 655.437561035156,
    0.0,               911.811584472656,   370.901947021484,
    0.0,       0.0,       1.0
  ]
